<?xml version="1.0"?>
<opencv_storage>
<H_vec>
  <_ type_id="opencv-matrix">
    <rows>3</rows>
    <cols>3</cols>
    <dt>d</dt>
    <data>
      1.0000000000000007e+00 -4.1061482687140477e-16 0.
      2.6845232706070193e-16 9.9999999999999967e-01
      4.9227844771419202e-14 8.6489954631612866e-19
      -7.3251942279134753e-19 1.</data></_>
  <_ type_id="opencv-matrix">
    <rows>3</rows>
    <cols>3</cols>
    <dt>d</dt>
    <data>
      3.4725602547382719e+00 2.0233583304924093e+01
      -3.4134141739672273e+03 -3.2255239499472581e+00
      1.1648720124136938e+01 5.0636890993618033e+02
      6.1663892918190999e-04 2.0152640102702124e-02 1.</data></_>
  <_ type_id="opencv-matrix">
    <rows>3</rows>
    <cols>3</cols>
    <dt>d</dt>
    <data>
      9.6204783043259712e-01 -1.0906923686013588e+01
      9.0583832834114185e+02 1.0618393878140906e+00
      -3.0657583174523517e-01 -1.3385371256793189e+03
      -2.3729264436540750e-04 -1.1927986557912600e-02 1.</data></_></H_vec>
<K_vec>
  <_ type_id="opencv-matrix">
    <rows>3</rows>
    <cols>3</cols>
    <dt>d</dt>
    <data>
      6.4963496852237608e+02 0. 6.2475539135726297e+02 0.
      5.7459909921444694e+02 2.4565755399951740e+02 0. 0. 1.</data></_>
  <_ type_id="opencv-matrix">
    <rows>3</rows>
    <cols>3</cols>
    <dt>d</dt>
    <data>
      6.4963496852237608e+02 0. 6.2475539135726297e+02 0.
      5.7459909921444694e+02 2.4565755399951740e+02 0. 0. 1.</data></_>
  <_ type_id="opencv-matrix">
    <rows>3</rows>
    <cols>3</cols>
    <dt>d</dt>
    <data>
      6.4963496852237608e+02 0. 6.2475539135726297e+02 0.
      5.7459909921444694e+02 2.4565755399951740e+02 0. 0. 1.</data></_></K_vec>
<D_vec>
  <_ type_id="opencv-matrix">
    <rows>1</rows>
    <cols>5</cols>
    <dt>d</dt>
    <data>
      2.4848795976473749e-03 -7.0746155950628985e-03
      -9.0970590991557604e-05 4.3467389473409796e-04
      4.0835490598148212e-03</data></_>
  <_ type_id="opencv-matrix">
    <rows>1</rows>
    <cols>5</cols>
    <dt>d</dt>
    <data>
      2.4848795976473749e-03 -7.0746155950628985e-03
      -9.0970590991557604e-05 4.3467389473409796e-04
      4.0835490598148212e-03</data></_>
  <_ type_id="opencv-matrix">
    <rows>1</rows>
    <cols>5</cols>
    <dt>d</dt>
    <data>
      2.4848795976473749e-03 -7.0746155950628985e-03
      -9.0970590991557604e-05 4.3467389473409796e-04
      4.0835490598148212e-03</data></_></D_vec>
<P_vec>
  <_ type_id="opencv-matrix">
    <rows>3</rows>
    <cols>4</cols>
    <dt>d</dt>
    <data>
      -4.4214314038584206e+02 7.2391446764242858e+01
      7.8205742321274670e+02 1.7133363940766514e+04
      9.8997810739197490e+01 -5.3804740522546706e+02
      3.0202016795914125e+02 8.9329778425606673e+03
      2.8702839034850353e-01 1.2904481573370161e-01
      9.4919025419891601e-01 2.1599969108116532e+01</data></_>
  <_ type_id="opencv-matrix">
    <rows>3</rows>
    <cols>4</cols>
    <dt>d</dt>
    <data>
      -2.0432436843327650e+01 8.5397983470721408e+02
      2.8748191037892752e+02 5.0896632161119842e+03
      -1.9666672557548168e+01 -3.0760942502472602e+01
      6.2384192313594417e+02 5.0124787776441553e+03
      6.6710252730144837e-01 5.9797475324724947e-01
      4.4429766209930821e-01 8.8421632610805911e+00</data></_>
  <_ type_id="opencv-matrix">
    <rows>3</rows>
    <cols>4</cols>
    <dt>d</dt>
    <data>
      8.7429774274166607e+02 8.8634497066198151e+01
      2.0023055292258729e+02 4.4030355619653164e+03
      3.4396064633133903e+01 -1.6783387086826281e+01
      6.2373631232334594e+02 4.5467804259128443e+03
      7.0077366901055171e-01 -6.2806569574414983e-01
      3.3830422204120736e-01 1.4769047687847717e+01</data></_></P_vec>
</opencv_storage>
